0.6700239032173854
-0.6661143975519144
1.1133860599536196
-0.1661533491733369
1.1842965206315035
-1.9602498674855764
1.8522575481709627
-0.9862087299514477
0.5894541959931243
-0.30766630097229486
-0.06215172932702151
0.7926806558127946
0.3186877619991053
0.15601207843156972
-1.3454751133221992
-0.4758791465912213
-0.08360809263629676
1.058524592009416
0.5079002668884871
1.949150627105496
-0.7930699917198876
0.7154433057229785
-0.49903601265401143
1.7963769148790694
0.7827742416839647
-1.3561960648625795
0.47498143744210974
-0.765939281235859
-1.96126402178017
0.06897523981012021
-1.784753562437623
0.22342214737637267
-0.761578694814645
-0.4750842171470837
0.03377848685869367
1.2900293509523846
-0.20684719759714687
-1.1129884756897481
0.6696877833644415
0.5213714207325522
