0.21626667853562642
-0.8138690308361105
-0.307972747341581
0.3431975230196995
-0.15389370212959053
-0.9372894621171337
-0.2920793226208116
-0.2594630599246175
-0.6579850158222968
0.7452514495027862
-0.7381008030063696
-1.5335237535991988
0.07814676828609146
0.9962428405227923
0.06921650007416824
0.7618842653176743
-1.2442573683084568
0.6202183355762156
1.7346041300448931
-0.7857353479957694
0.6274669784592426
0.5731005124160427
0.7160690580246123
-0.7578190750875113
-0.2937366836423614
-0.2359309365171791
0.20207037355263457
-0.2325905282734495
0.8546555319626892
0.719450452745737
-1.3349381087150078
0.7787728493708816
-0.10189630202329436
0.6441532084886639
1.0492111935310944
-0.17624508321501953
-0.6498030508160659
0.7825230243966277
1.6392781694153333
0.2093236924830224
